Obs.	LS.BA.CP.U.2	LS.BA.CP.U.4	LS.BA.CP.U.5	LS.BA.DHI.U.2	LS.BA.GA.U.1	LS.BA.GA.U.3	LS.BA.ML.U.2	LS.BA.ML.U.4	LS.BA.ML.U.5	LS.BA.PIK.U.1	LS.BA.PIK.U.2	LS.BA.PIK.U.3	LS.BA.PIK.U.5	LS.BA.PSP.M.1	LS.BA.WB.U.1	LS.BA.WB.U.2	LS.BA.WB.U.3	LS.BA.WB.U.5	LS.BA.WBO.U.3	LS.BA.WBO.U.5	LS.BO.HC4.M.2	LS.BO.HC4.M.3	LS.BO.HC4.M.4	LS.BO.I1.U.1	LS.BO.I2.U.1	LS.BO.I2.U.3	LS.BO.I2.U.4	LS.BO.I2.U.5	LS.BO.I4.U.1	LS.BO.I4.U.2	LS.BO.LC1.M.2	LS.BO.LC2.M.1	LS.BO.LC4.M.2	LS.BO.LC4.M.4	LS.BO.LC4.M.5	LS.BO.R1.U.1	LS.BO.R1.U.2	LS.BO.R2.U.2	LS.BO.R3.U.1	LS.BO.R3.U.2	LS.BO.R3.U.3	LS.BO.R4.U.1	LS.BO.R4.U.2	LS.BO.R4.U.4	LS.BO.WL1.M.1	LS.BO.WL1.M.2	LS.BO.WL1.M.3	LS.BO.WL2.M.1	LS.BO.WL2.M.2	LS.BO.WL2.M.3	LS.BO.WL3.M.1	LS.BO.WL3.M.3	LS.BO.WL3.M.4	LS.BO.WL3.M.5	LS.LA.ARR.U.1	LS.LA.ARR.U.2	LS.LA.ARR.U.3	LS.LA.ARR.U.4	LS.LA.ARR.U.5	LS.LA.ESM.M.1	LS.LA.ESM.M.2	LS.LA.ESM.M.4	LS.LA.ESM.M.5	LS.LA.FIG.U.1	LS.LA.FIG.U.3	LS.LA.FIG.U.5	LS.LA.GLO.M.3	LS.LA.GLO.M.5	LS.LA.GRI.M.1	LS.LA.GRI.M.3	LS.LA.HOW.U.1	LS.LA.HOW.U.3	LS.LA.HOW.U.4	LS.LA.HOW.U.5	LS.LA.MAD.M.1	LS.LA.MAD.M.2	LS.LA.MAD.M.4	LS.LA.NAV.M.2	LS.LA.NAV.M.4	LS.LA.NAV.M.5	LS.LA.NVR.U.1	LS.LA.PAR.M.2	LS.LA.PAR.M.4	LS.LA.SAN.U.1	LS.LA.SAN.U.2	LS.LA.SAN.U.3	LS.LA.SAN.U.4	LS.LA.SAN.U.5	LS.LA.SHO.M.1	LS.LA.SHO.M.2	LS.LA.SHO.M.3	LS.LA.SHO.M.4	LS.LA.SHO.M.5	LS.LA.SSV.M.1	LS.LA.SSV.M.2	LS.LA.SSV.M.3	LS.LA.SSV.M.4	LS.LA.SSV.M.5	LS.LA.STO.U.1	LS.LA.STO.U.4	LS.LA.VB1.U.1	LS.LA.VB1.U.2	LS.LA.VB1.U.3	LS.LA.VB1.U.4	LS.LA.VET.M.3	LS.LA.VET.M.4	LS.LA.VET.M.5	LS.LA.VNH.M.2	LS.LA.VNH.M.4	LS.LA.VNH.M.5	LS.LA.WES.M.2	LS.LA.WES.M.3	LS.LA.WES.M.4	LS.LA.WES.M.5	LS.MN.L01-LS.M.1	LS.MN.L01-LS.M.2	LS.MN.L01-LS.M.4	LS.MN.L01-LS.U.1	LS.MN.L01-LS.U.2	LS.MN.L01-LS.U.3	LS.MN.L01-LS.U.4	LS.MN.L02-LS.U.1	LS.MN.L03-LS.U.2	LS.MN.L04-LS.U.2	LS.MN.L05-LS.U.1	LS.MN.L05-LS.U.2	LS.MN.L05-LS.U.3	LS.MN.L05-LS.U.4	LS.MN.L05-LS.U.5	LS.MN.L06-LS.U.2	LS.MN.L06-LS.U.4	LS.MN.L06-LS.U.5	LS.MN.L07-LS.U.2	LS.MN.L07-LS.U.4	LS.MN.L07-LS.U.5	LS.MN.L08-LS.U.1	LS.MN.L08-LS.U.2	LS.MN.L08-LS.U.3	LS.MN.L08-LS.U.5	LS.MN.L09-LS.U.3	LS.MN.L09-LS.U.5	LS.MN.L10-LS.U.1	LS.MN.L10-LS.U.2	LS.MN.L11-LS.U.1	LS.PX.ALA.M.2	LS.PX.ALA.M.3	LS.PX.ALA.M.4	LS.PX.ALA.M.5	LS.PX.ALA.M.6	LS.PX.COY.M.3	LS.PX.COY.M.4	LS.PX.COY.M.5	LS.PX.DOW.M.2	LS.PX.DOW.M.3	LS.PX.DOW.M.4	LS.PX.ENC.M.2	LS.PX.ENC.M.4	LS.PX.ENC.M.5	LS.PX.LAP.M.1	LS.PX.LAP.M.2	LS.PX.MAN.M.1	LS.PX.MAN.M.2	LS.PX.MAN.M.3	LS.PX.MAN.M.4	LS.PX.MAN.M.5	LS.PX.MON.U.2	LS.PX.MON.U.3	LS.PX.MON.U.5	LS.PX.MON.U.7	LS.PX.NUE.M.1	LS.PX.NUE.M.3	LS.PX.PAL.M.1	LS.PX.PAL.M.2	LS.PX.PAL.M.3	LS.PX.PAL.M.5	LS.PX.PIE.M.2	LS.PX.PIE.M.4	LS.PX.PIE.M.5	LS.PX.PKW.U.1	LS.PX.PKW.U.3	LS.PX.PKW.U.5	LS.PX.RPL.U.2	LS.PX.RPL.U.3	LS.PX.RPL.U.5
LS.BA.CP.U.2	0	0.14544	0.108777	0.021487	0.171382	0.142282	0.150184	0.155179	0.123746	0.118797	0.102071	0.149882	0.131404	0.163962	0.031243	0.149729	0.11712	0.022889	0.161725	0.047134	0.004777	0.013235	0.001649	0.002571	0.001649	0.001509	0.001118	0.001565	0.007418	0	0.045638	0	0	0	0.000894	0	0.001565	0.000894	0.11349	0	0.161266	0.000894	0.00218	0.000894	0	0	0	0	0.004689	0.000894	0.035927	0.143282	0.182242	0.075864	0.166068	0.188105	0.156723	0.01903	0.159098	0.044901	0.067691	0.025481	0.164069	0.165756	0.13799	0.162637	0.006137	0.007096	0.088533	0.068524	0.040166	0.160376	0.178163	0.09721	0.14458	0.111455	0.102027	0.07405	0.182562	0.149971	0.158464	0.065622	0.149865	0.160792	0.203092	0.076898	0.110762	0.147864	0.072364	0.125113	0.156142	0.019973	0.086318	0.179118	0.102117	0.122798	0.132502	0.091764	0.107014	0.169117	0.111204	0.05422	0.134278	0.1464	0.111447	0.162363	0.128072	0.128823	0.128252	0.14432	0.138948	0.120708	0.061642	0.112809	0.004383	0.029624	0.033107	0.019548	0.130106	0.210362	0.063518	0.176447	0.065681	0.176371	0.136651	0.133316	0.110584	0.038012	0.124413	0.15123	0.105625	0.132196	0.114343	0.179793	0.144317	0.048452	0.157099	0.134466	0.080424	0.217321	0.134749	0.164641	0.123759	0.132563	0.168593	0.199195	0.087724	0.147444	0.169812	0.14897	0.120533	0.08061	0.041735	0.042267	0.021109	0.029241	0.135244	0.022566	0.150171	0.04094	0.13718	0.200161	0.072315	0.166104	0.161025	0.208698	0.061534	0.036556	0.079691	0.145502	0.071765	0.002851	0.0045	0.007739	0.001342	0.053013	0.101383	0.064502	0.031978	0.022032	0.100061	0.05652	0.066034	0.042335
LS.BA.CP.U.4	0.14544	0	0.125931	0.019917	0.187687	0.111921	0.14919	0.135817	0.117254	0.086755	0.096193	0.146795	0.117541	0.154869	0.021358	0.138343	0.141754	0.017341	0.157599	0.048436	0.003556	0.012641	0	0	0	0.001335	0.001705	0	0.005133	0	0.040164	0	0	0	0.001677	0	0	0	0.112477	0	0.15248	0.001677	0.003431	0.001677	0	0	0	0	0.001754	0.001677	0.026641	0.141976	0.202353	0.067515	0.164007	0.193319	0.154547	0.009107	0.147229	0.045307	0.082793	0.027201	0.166159	0.145328	0.135829	0.152488	0.002683	0.002851	0.073944	0.060031	0.040501	0.160972	0.178926	0.090963	0.16273	0.116982	0.114028	0.070311	0.199561	0.168167	0.153986	0.062475	0.170041	0.167475	0.199031	0.063079	0.107489	0.1467	0.055138	0.108673	0.169114	0.014393	0.071665	0.201584	0.097095	0.109006	0.147331	0.084911	0.099569	0.16858	0.100812	0.045263	0.121944	0.153693	0.129873	0.18216	0.140142	0.113999	0.11711	0.15217	0.155537	0.119872	0.061116	0.124486	0.001342	0.029862	0.023077	0.016908	0.14592	0.213146	0.053394	0.170637	0.05115	0.160695	0.131157	0.119042	0.094025	0.039014	0.121224	0.143057	0.087397	0.131009	0.094333	0.172934	0.136303	0.02409	0.135213	0.153465	0.068777	0.222473	0.104956	0.159019	0.11781	0.136148	0.176666	0.222334	0.079952	0.164312	0.202965	0.151247	0.1366	0.064712	0.041954	0.038659	0.021113	0.026599	0.144685	0.027049	0.153025	0.031247	0.166965	0.217326	0.075628	0.174932	0.188605	0.220048	0.054854	0.023569	0.06289	0.158974	0.079339	0.001335	0.00088	0.000671	0	0.037012	0.078555	0.06378	0.023925	0.016397	0.096481	0.058326	0.064459	0.035101
LS.BA.CP.U.5	0.108777	0.125931	0	0.006579	0.14995	0.071735	0.108526	0.098789	0.075801	0.058416	0.063586	0.099188	0.087793	0.106791	0.014094	0.119812	0.10954	0.004619	0.085419	0.036665	0.002669	0.005141	0.001118	0	0.001118	0	0	0.000894	0.003354	0	0.026094	0	0.001789	0	0	0	0.000894	0	0.112716	0	0.114668	0	0.001649	0	0	0	0	0	0.00341	0	0.021226	0.101041	0.122706	0.043765	0.126946	0.141702	0.130965	0.004639	0.127271	0.026576	0.04013	0.011291	0.132038	0.100885	0.077824	0.113523	0.004986	0.005223	0.039781	0.026682	0.029666	0.131019	0.127491	0.059248	0.135405	0.111023	0.066846	0.036889	0.144426	0.12315	0.130197	0.027821	0.137257	0.128285	0.141944	0.024226	0.072298	0.12459	0.025742	0.073231	0.113752	0.010177	0.034727	0.128224	0.066628	0.069023	0.117921	0.046815	0.072864	0.117849	0.048651	0.019184	0.081194	0.107823	0.090643	0.155547	0.113952	0.07094	0.107259	0.113657	0.115346	0.074405	0.035689	0.077365	0	0.016939	0.022682	0.009984	0.105944	0.17236	0.035578	0.103222	0.036445	0.1082	0.082102	0.063264	0.069754	0.018179	0.106308	0.116813	0.071195	0.100945	0.064866	0.134745	0.098571	0.015029	0.121822	0.097193	0.032226	0.140964	0.072603	0.106141	0.103782	0.132764	0.145821	0.168436	0.046853	0.152109	0.158427	0.126356	0.10582	0.040472	0.024959	0.020839	0.015869	0.015124	0.099595	0.015033	0.11708	0.023385	0.133064	0.172075	0.049736	0.139733	0.139888	0.18121	0.039239	0.022028	0.052621	0.118135	0.070734	0.001773	0.001747	0.004581	0.001773	0.031158	0.074025	0.052385	0.016144	0.009419	0.083831	0.035987	0.040159	0.021097
LS.BA.DHI.U.2	0.021487	0.019917	0.006579	0	0.025224	0.02458	0.025374	0.011784	0.022068	0.023203	0.018547	0.024213	0.028873	0.019936	0.020929	0.028335	0.012568	0.018649	0.024702	0.025316	0.0038	0.014559	0	0	0	0	0.001747	0.002961	0.003913	0.001789	0.020501	0	0.00134	0	0	0	0.001788	0.001676	0.010851	0	0.03405	0	0.001733	0	0	0	0	0	0.001788	0	0.013946	0.025111	0.023698	0.021915	0.012647	0.012894	0.022125	0.015424	0.018589	0.015388	0.020406	0.018117	0.01513	0.015551	0.022222	0.025425	0	0	0.016058	0.026837	0.020123	0.01955	0.019369	0.02816	0.01693	0.01359	0.018522	0.017676	0.017324	0.019156	0.019712	0.0217	0.016747	0.011813	0.03276	0.017143	0.029051	0.019804	0.029401	0.030348	0.018871	0.009585	0.020169	0.021033	0.02878	0.028786	0.020971	0.018178	0.020916	0.013782	0.021589	0.018639	0.027301	0.025594	0.023018	0.020924	0.023517	0.020953	0.015607	0.01785	0.017087	0.028926	0.019696	0.027331	0.004892	0.016864	0.021316	0.014253	0.01466	0.021147	0.018608	0.026563	0.022777	0.026503	0.023036	0.034377	0.029153	0.02828	0.015893	0.02443	0.026764	0.02912	0.022352	0.0251	0.030747	0.018509	0.026164	0.02086	0.027089	0.025005	0.023512	0.009748	0.023227	0.014566	0.023286	0.030706	0.019913	0.017839	0.020747	0.03671	0.019068	0.025004	0.027172	0.022015	0.016131	0.013488	0.03072	0.017545	0.026142	0.023198	0.024108	0.035341	0.029039	0.020776	0.019895	0.024263	0.024144	0.020041	0.019566	0.034338	0.035652	0	0	0	0.001677	0.013023	0.033893	0.021744	0.018882	0.01756	0.031025	0.018116	0.026482	0.022854
LS.BA.GA.U.1	0.171382	0.187687	0.14995	0.025224	0	0.11425	0.169215	0.180799	0.147942	0.11932	0.108142	0.162062	0.122529	0.171853	0.031595	0.201684	0.132703	0.018424	0.18774	0.0658	0.005681	0.021244	0	0.001118	0	0	0.001564	0.001761	0.009483	0	0.04626	0	0.001761	0	0	0.001286	0	0	0.127136	0	0.200598	0	0.001335	0	0	0.001118	0	0	0.001335	0	0.042458	0.14528	0.212626	0.094373	0.178242	0.21971	0.183899	0.015955	0.174294	0.040185	0.071885	0.030677	0.171148	0.146607	0.154029	0.161751	0.006118	0.005716	0.080902	0.073288	0.053391	0.165246	0.182195	0.098162	0.176284	0.129035	0.109315	0.074785	0.215274	0.185473	0.15709	0.06698	0.182117	0.178501	0.212009	0.07589	0.12663	0.191022	0.07365	0.1268	0.191185	0.021423	0.079682	0.199932	0.113191	0.118311	0.179103	0.100003	0.124184	0.171754	0.112803	0.053674	0.14532	0.176263	0.148533	0.193896	0.156391	0.128066	0.138784	0.171836	0.161344	0.146878	0.06696	0.131766	0.002428	0.034803	0.027782	0.018135	0.138203	0.228631	0.064264	0.165494	0.067694	0.172314	0.120812	0.143063	0.114478	0.044731	0.148165	0.16618	0.116598	0.154586	0.119844	0.198083	0.15892	0.031946	0.162823	0.14533	0.073452	0.240287	0.12623	0.175698	0.134787	0.155957	0.200838	0.227035	0.080349	0.176012	0.205324	0.182574	0.145862	0.073294	0.046947	0.046631	0.026112	0.03073	0.15062	0.027273	0.167727	0.034897	0.188	0.230876	0.090209	0.186601	0.190169	0.239156	0.063291	0.037478	0.093977	0.178353	0.108524	0.001551	0.001733	0.00573	0.001551	0.055267	0.089602	0.0731	0.020778	0.019448	0.122119	0.057089	0.076211	0.038487
LS.BA.GA.U.3	0.142282	0.111921	0.071735	0.02458	0.11425	0	0.131507	0.096427	0.08835	0.101057	0.092241	0.094588	0.099017	0.119304	0.023777	0.121966	0.087056	0.023383	0.149911	0.04337	0.007414	0.019679	0	0.000447	0	0	0	0.001564	0.007893	0.001788	0.038824	0	0	0	0.001314	0	0.001787	0.001564	0.072448	0	0.118545	0	0.001677	0	0	0.001621	0	0	0.001788	0	0.036209	0.103938	0.13555	0.072015	0.115045	0.130809	0.117328	0.018781	0.105228	0.02774	0.067316	0.024607	0.095924	0.108	0.110093	0.101424	0.004135	0.001328	0.05628	0.064724	0.042094	0.098668	0.122703	0.084575	0.124583	0.104518	0.096549	0.068515	0.159282	0.117118	0.120915	0.061695	0.110118	0.12466	0.138146	0.066649	0.0887	0.1005	0.063866	0.098781	0.122257	0.019379	0.068766	0.146233	0.101487	0.094399	0.102589	0.09011	0.078577	0.124956	0.096576	0.050677	0.096562	0.112974	0.099417	0.112482	0.115267	0.094735	0.087053	0.107681	0.121304	0.101893	0.058205	0.098308	0.002669	0.03522	0.026509	0.015484	0.094639	0.129141	0.062316	0.12199	0.055363	0.122918	0.079461	0.102488	0.094796	0.030896	0.075802	0.126605	0.091153	0.116872	0.092153	0.134189	0.105093	0.035672	0.089905	0.101898	0.060254	0.149034	0.080415	0.097689	0.100148	0.07641	0.118366	0.14467	0.069739	0.106615	0.134395	0.131653	0.112102	0.059068	0.045414	0.036631	0.03108	0.039392	0.122697	0.023192	0.111212	0.029515	0.110651	0.151613	0.063076	0.117284	0.12943	0.16534	0.052558	0.030238	0.086525	0.117286	0.078677	0	0	0.002572	0.001565	0.034758	0.076694	0.059654	0.024688	0.017778	0.088913	0.055468	0.065727	0.04038
LS.BA.ML.U.2	0.150184	0.14919	0.108526	0.025374	0.169215	0.131507	0	0.12518	0.114138	0.082824	0.085817	0.14124	0.113137	0.137827	0.029778	0.167042	0.102131	0.010999	0.15328	0.050655	0.005499	0.019251	0	0.000894	0	0.001509	0.002877	0.000867	0.003801	0	0.023877	0	0.000867	0	0.000894	0	0	0.000894	0.112595	0	0.153815	0.000894	0.00218	0.000894	0	0	0	0	0.001286	0.000894	0.029224	0.134292	0.169569	0.076295	0.143604	0.179102	0.163449	0.013137	0.141219	0.031884	0.068685	0.024229	0.134489	0.126635	0.127762	0.152633	0.004556	0.003773	0.071072	0.071088	0.057058	0.137939	0.15243	0.089511	0.140576	0.103733	0.091835	0.063799	0.170648	0.130365	0.13242	0.068167	0.145463	0.145546	0.192935	0.071034	0.119699	0.143804	0.06707	0.126341	0.14812	0.021256	0.068363	0.179426	0.10054	0.106873	0.13934	0.082886	0.107038	0.142724	0.099012	0.043102	0.122522	0.153324	0.124073	0.155577	0.129608	0.113724	0.096071	0.139761	0.123796	0.123751	0.065567	0.118584	0.001537	0.026839	0.026206	0.010028	0.122666	0.184263	0.055433	0.137881	0.054344	0.154839	0.11963	0.119745	0.097669	0.048603	0.123949	0.154531	0.101724	0.130165	0.108242	0.168081	0.128731	0.023019	0.13964	0.119538	0.068297	0.194263	0.103481	0.129369	0.120163	0.132725	0.138906	0.19732	0.072123	0.13197	0.167548	0.133244	0.121372	0.06176	0.048472	0.03857	0.020415	0.021869	0.137258	0.024502	0.122561	0.038522	0.154711	0.196052	0.066141	0.160445	0.156084	0.197585	0.049544	0.032113	0.074904	0.146168	0.082878	0.002627	0.002893	0.002669	0.001118	0.029519	0.085666	0.059142	0.022128	0.018189	0.094535	0.045544	0.060377	0.035167
LS.BA.ML.U.4	0.155179	0.135817	0.098789	0.011784	0.180799	0.096427	0.12518	0	0.103032	0.075418	0.080739	0.129997	0.101662	0.147204	0.021855	0.16275	0.129179	0.013876	0.117158	0.043734	0	0.008171	0	0.000447	0	0	0	0	0.003283	0	0.029174	0	0	0	0	0	0	0	0.107824	0	0.122749	0	0	0	0	0.001621	0	0	0	0	0.020047	0.117326	0.164731	0.060496	0.147411	0.182015	0.139002	0.009094	0.150525	0.040386	0.053013	0.031547	0.14997	0.134605	0.104401	0.135706	0.005267	0.005353	0.059143	0.048979	0.033905	0.149432	0.15602	0.074334	0.129658	0.129212	0.082809	0.052907	0.164012	0.13949	0.158638	0.039688	0.154884	0.152188	0.169688	0.039713	0.100913	0.139509	0.051317	0.09345	0.121614	0.016478	0.052029	0.14129	0.089001	0.083293	0.124076	0.05825	0.084463	0.152391	0.081085	0.029394	0.107514	0.129006	0.111137	0.173907	0.130777	0.098591	0.134809	0.135939	0.1278	0.104462	0.04614	0.09635	0.002439	0.021942	0.020204	0.01518	0.147614	0.195236	0.042947	0.122406	0.049255	0.134556	0.113659	0.073923	0.077369	0.023417	0.127672	0.140349	0.076815	0.132308	0.085423	0.162499	0.111787	0.034015	0.148966	0.139751	0.044888	0.185176	0.097112	0.108531	0.108784	0.153116	0.15761	0.202226	0.053701	0.166496	0.175081	0.134824	0.122593	0.043514	0.03316	0.02528	0.018509	0.024144	0.117227	0.009271	0.129802	0.023882	0.141586	0.198083	0.060056	0.151375	0.164633	0.194496	0.046399	0.023257	0.053663	0.125783	0.079195	0.001342	0.001342	0.005143	0.001342	0.031654	0.071777	0.049876	0.013677	0.010659	0.089947	0.043151	0.055331	0.027238
LS.BA.ML.U.5	0.123746	0.117254	0.075801	0.022068	0.147942	0.08835	0.114138	0.103032	0	0.083526	0.089381	0.110051	0.106862	0.115129	0.028412	0.136192	0.09037	0.023005	0.137493	0.051041	0.004939	0.014336	0	0	0.001328	0	0	0	0.008254	0	0.028409	0	0.001788	0	0	0	0	0	0.068939	0	0.115001	0	0.001118	0	0	0	0	0	0.001118	0	0.037743	0.124866	0.14019	0.074291	0.117929	0.158547	0.141283	0.016789	0.124083	0.037235	0.076145	0.034712	0.104428	0.121988	0.123381	0.121031	0.003354	0.003312	0.063901	0.055104	0.048611	0.120921	0.127815	0.085909	0.121548	0.094177	0.085158	0.071796	0.164935	0.146691	0.12229	0.060161	0.130612	0.130896	0.140492	0.064115	0.100114	0.12231	0.05926	0.110489	0.113799	0.020611	0.057151	0.147654	0.08371	0.100787	0.114025	0.094497	0.100231	0.142251	0.098885	0.048102	0.102872	0.118864	0.101408	0.123482	0.122833	0.112504	0.09202	0.122722	0.126771	0.100502	0.055316	0.093384	0.002669	0.040117	0.0347	0.022795	0.112423	0.150893	0.059938	0.119578	0.070373	0.139334	0.096588	0.103989	0.09091	0.047242	0.091806	0.126711	0.109311	0.124969	0.093752	0.141766	0.102536	0.047657	0.111479	0.103813	0.057974	0.159692	0.097543	0.098692	0.109531	0.094978	0.131084	0.144817	0.074953	0.131242	0.133746	0.146007	0.122661	0.08137	0.041435	0.037899	0.028561	0.041276	0.124442	0.030183	0.112255	0.03728	0.136968	0.152518	0.077441	0.137478	0.137281	0.156185	0.055431	0.035765	0.081655	0.141241	0.082386	0	0	0.002879	0	0.040909	0.084277	0.059364	0.01867	0.023521	0.103615	0.062433	0.068716	0.034306
LS.BA.PIK.U.1	0.118797	0.086755	0.058416	0.023203	0.11932	0.101057	0.082824	0.075418	0.083526	0	0.080523	0.10632	0.106406	0.097718	0.027435	0.102055	0.076006	0.026506	0.120202	0.061751	0.009069	0.019659	0.000839	0	0.000839	0.001754	0.001768	0.003047	0.006889	0.003438	0.034558	0	0.001788	0.001747	0.001342	0	0.003099	0.001564	0.061951	0	0.114843	0.001328	0.002876	0.001341	0	0	0.000671	0.001747	0.005139	0	0.036229	0.109604	0.113458	0.063715	0.09836	0.117955	0.098617	0.019378	0.095008	0.031271	0.059269	0.024386	0.085952	0.098527	0.095389	0.097036	0.002402	0.00385	0.058754	0.056878	0.04494	0.099965	0.102226	0.080428	0.090891	0.068223	0.070616	0.064508	0.121944	0.097734	0.111529	0.060296	0.08776	0.11356	0.138302	0.063638	0.082341	0.096348	0.075687	0.089413	0.091724	0.018667	0.063886	0.119582	0.087481	0.093349	0.08478	0.064117	0.08181	0.105527	0.078871	0.044271	0.101143	0.104853	0.089388	0.104415	0.100476	0.097149	0.089014	0.102585	0.100857	0.108031	0.04701	0.101792	0.00497	0.039577	0.032904	0.019074	0.081497	0.122602	0.057791	0.097991	0.069583	0.092611	0.090448	0.09608	0.083313	0.035474	0.075975	0.104565	0.082087	0.109978	0.081868	0.103475	0.09746	0.046108	0.084194	0.10401	0.058631	0.117154	0.0752	0.075513	0.096907	0.084993	0.103388	0.139115	0.059876	0.105926	0.115128	0.130711	0.099416	0.06863	0.044348	0.034172	0.037548	0.028893	0.100047	0.023105	0.108955	0.037966	0.107702	0.12814	0.064127	0.096994	0.102337	0.144894	0.058796	0.025558	0.064516	0.102004	0.079389	0.001754	0.001782	0.004965	0.003096	0.033437	0.078991	0.054471	0.023698	0.02237	0.092849	0.062937	0.063516	0.046302
LS.BA.PIK.U.2	0.102071	0.096193	0.063586	0.018547	0.108142	0.092241	0.085817	0.080739	0.089381	0.080523	0	0.098862	0.08529	0.100785	0.018764	0.096503	0.077051	0.014959	0.113261	0.032911	0.009019	0.012405	0.001286	0	0.001286	0.002907	0.002903	0.004346	0.007292	0.001677	0.031203	0	0.001677	0	0.002124	0	0.002669	0.000891	0.060271	0	0.110065	0.001565	0.00399	0.001782	0	0	0.000893	0.001565	0.007064	0.001286	0.030511	0.092028	0.11473	0.073604	0.084325	0.118449	0.119092	0.02242	0.099234	0.040381	0.052033	0.029476	0.08656	0.109903	0.10711	0.098272	0.003214	0.006394	0.054969	0.057548	0.044132	0.094579	0.106846	0.083168	0.104417	0.070397	0.067868	0.061691	0.125193	0.102868	0.102787	0.057748	0.096976	0.094991	0.142902	0.061807	0.083457	0.089285	0.062326	0.101149	0.093448	0.02125	0.057474	0.122856	0.082843	0.085949	0.092152	0.070156	0.072047	0.105428	0.070491	0.043744	0.089822	0.097404	0.095016	0.092045	0.087864	0.096748	0.065955	0.091833	0.097829	0.101858	0.050007	0.080534	0.005115	0.031103	0.021914	0.016306	0.069825	0.118007	0.044679	0.092052	0.043518	0.111415	0.071481	0.092451	0.076916	0.032271	0.082391	0.10204	0.078074	0.092559	0.077177	0.093356	0.1051	0.032884	0.087668	0.095734	0.059415	0.137793	0.073823	0.088268	0.085727	0.072722	0.104649	0.131909	0.049549	0.097056	0.11753	0.098885	0.096776	0.058691	0.044397	0.037331	0.028176	0.022259	0.097607	0.033463	0.094444	0.030608	0.103388	0.129896	0.067226	0.117331	0.096216	0.148075	0.044751	0.032465	0.065009	0.105643	0.081929	0.00559	0.005248	0.006948	0.003242	0.042755	0.066261	0.046842	0.022016	0.020983	0.082073	0.055031	0.048409	0.037742
LS.BA.PIK.U.3	0.149882	0.146795	0.099188	0.024213	0.162062	0.094588	0.14124	0.129997	0.110051	0.10632	0.098862	0	0.116482	0.142087	0.029292	0.148816	0.113712	0.020207	0.157543	0.055454	0.005071	0.014239	0	0.002963	0.001286	0.000447	0.002565	0	0.007696	0.001705	0.035223	0	0.001788	0.001733	0	0	0	0	0.084751	0.002194	0.155178	0.002892	0.003214	0.001677	0	0	0.001565	0.002459	0.005178	0.003463	0.040162	0.12116	0.188863	0.074681	0.145935	0.169777	0.154321	0.020292	0.137895	0.037755	0.066972	0.030469	0.142131	0.135509	0.139167	0.135508	0.00454	0.003424	0.066347	0.062001	0.060808	0.146132	0.160587	0.090369	0.15212	0.102961	0.096412	0.071843	0.18659	0.142045	0.138076	0.067071	0.141283	0.147529	0.192832	0.076231	0.117468	0.138331	0.078713	0.115349	0.148325	0.023596	0.073004	0.178892	0.105655	0.101683	0.1356	0.105406	0.084991	0.153613	0.098925	0.052095	0.122241	0.139962	0.113688	0.158349	0.127492	0.111425	0.095158	0.151786	0.140454	0.129651	0.067805	0.106912	0.005393	0.039901	0.031241	0.023396	0.112577	0.181049	0.059049	0.158444	0.055837	0.152928	0.105751	0.133019	0.096676	0.047171	0.103723	0.140157	0.107207	0.136754	0.092801	0.153784	0.132424	0.040091	0.121437	0.119972	0.066077	0.188263	0.093689	0.129312	0.116038	0.101767	0.156396	0.189482	0.060434	0.138675	0.16393	0.161575	0.135381	0.076612	0.053271	0.043126	0.03829	0.026909	0.141828	0.031799	0.146184	0.042777	0.166315	0.186522	0.085652	0.157169	0.162419	0.200169	0.061723	0.036638	0.082097	0.138441	0.092542	0.00398	0.003518	0.007781	0.000447	0.045418	0.095764	0.062457	0.021486	0.022257	0.112063	0.060662	0.074615	0.039939
LS.BA.PIK.U.5	0.131404	0.117541	0.087793	0.028873	0.122529	0.099017	0.113137	0.101662	0.106862	0.106406	0.08529	0.116482	0	0.120089	0.023927	0.143588	0.090148	0.034475	0.146254	0.061958	0.006743	0.011437	0.00123	0	0.00123	0	0	0.002683	0.008759	0.001314	0.04087	0	0	0	0.001789	0	0.00262	0.001775	0.068619	0	0.153063	0	0.001733	0	0	0	0	0	0.003466	0	0.052864	0.114605	0.142475	0.099467	0.127748	0.143679	0.134343	0.028622	0.111464	0.034841	0.066688	0.034122	0.108322	0.111141	0.106061	0.106306	0	0.001719	0.049561	0.06373	0.05782	0.112506	0.132656	0.102872	0.114549	0.085951	0.090022	0.076824	0.152448	0.11601	0.13045	0.06637	0.100906	0.118285	0.164633	0.071478	0.102312	0.109768	0.076176	0.102116	0.101346	0.029216	0.070487	0.14937	0.099507	0.119754	0.105413	0.073336	0.087243	0.121583	0.105977	0.067698	0.11475	0.125718	0.110679	0.123856	0.106813	0.1163	0.087705	0.114874	0.121034	0.114107	0.065741	0.112894	0.002235	0.041428	0.041035	0.030141	0.08213	0.132133	0.06217	0.118838	0.06424	0.111732	0.101024	0.128282	0.081572	0.046709	0.113276	0.115418	0.088552	0.115654	0.080334	0.140276	0.117686	0.041708	0.10019	0.111621	0.074692	0.168935	0.086748	0.100919	0.078785	0.095293	0.137851	0.164674	0.079366	0.120561	0.144139	0.144044	0.106895	0.077381	0.042821	0.047174	0.029209	0.027627	0.116377	0.032085	0.120749	0.045345	0.135687	0.164203	0.079882	0.144866	0.123779	0.165462	0.056422	0.035343	0.075224	0.13541	0.081932	0	0	0.001719	0.001342	0.031939	0.097456	0.0722	0.033142	0.026981	0.104295	0.062569	0.066152	0.052065
LS.BA.PSP.M.1	0.163962	0.154869	0.106791	0.019936	0.171853	0.119304	0.137827	0.147204	0.115129	0.097718	0.100785	0.142087	0.120089	0	0.03478	0.173248	0.109162	0.019082	0.14813	0.052784	0.001957	0.015767	0.001328	0	0.001328	0.001509	0.001118	0.001621	0.004582	0	0.035621	0	0	0	0.000894	0	0.001621	0	0.11523	0	0.160451	0.000894	0.002613	0.000894	0	0	0	0	0.003228	0.000894	0.030104	0.128204	0.15445	0.081466	0.145043	0.165969	0.150433	0.016198	0.163975	0.051786	0.062767	0.030115	0.160569	0.148342	0.130877	0.164067	0.004874	0.005213	0.084893	0.065458	0.044749	0.155723	0.159534	0.077191	0.16056	0.12727	0.090551	0.061193	0.183104	0.164101	0.152582	0.060735	0.176388	0.144728	0.180553	0.063791	0.105832	0.136594	0.075543	0.121004	0.142646	0.016815	0.06412	0.17772	0.086503	0.105456	0.151096	0.09281	0.111735	0.146446	0.086877	0.051116	0.123503	0.14943	0.122952	0.173184	0.131793	0.105238	0.132458	0.123587	0.140668	0.124554	0.058099	0.121343	0.003578	0.029627	0.035416	0.019603	0.123675	0.200769	0.052532	0.140718	0.060872	0.160707	0.140174	0.116278	0.116929	0.034143	0.135509	0.159895	0.116833	0.135241	0.119023	0.173927	0.144796	0.035578	0.155996	0.119638	0.068949	0.203697	0.113718	0.147488	0.129634	0.159051	0.166346	0.227729	0.06998	0.166199	0.187589	0.146993	0.13534	0.071966	0.04703	0.040697	0.035264	0.02858	0.132038	0.023241	0.144491	0.031581	0.147825	0.224325	0.074889	0.161557	0.17026	0.216029	0.057568	0.036407	0.076826	0.156413	0.091326	0.003061	0.003298	0.004109	0.001551	0.055138	0.0957	0.062242	0.018629	0.024084	0.10617	0.051593	0.072751	0.04362
LS.BA.WB.U.1	0.031243	0.021358	0.014094	0.020929	0.031595	0.023777	0.029778	0.021855	0.028412	0.027435	0.018764	0.029292	0.023927	0.03478	0	0.023163	0.02112	0.023142	0.038928	0.030058	0.004298	0.013373	0.001705	0	0.003033	0.00088	0.001621	0.001747	0.001705	0	0.022959	0	0	0	0.001565	0	0.001747	0	0.011169	0	0.028941	0.001565	0.001565	0.001565	0	0	0	0	0.001314	0.001565	0.026996	0.02568	0.02733	0.027526	0.025666	0.035783	0.02547	0.017576	0.021311	0.026262	0.029156	0.011914	0.017063	0.017337	0.029896	0.029473	0.000447	0.001565	0.025299	0.024175	0.028623	0.030351	0.027441	0.051172	0.02084	0.026465	0.039529	0.031723	0.037028	0.029467	0.02716	0.019394	0.029589	0.019803	0.0453	0.03183	0.033151	0.027582	0.03116	0.031541	0.027136	0.016098	0.031762	0.035863	0.035568	0.03056	0.027063	0.025625	0.03738	0.021829	0.036639	0.029687	0.036495	0.026456	0.024171	0.033789	0.02439	0.029512	0.013185	0.020597	0.029167	0.032313	0.024592	0.023904	0.005255	0.023905	0.025787	0.01745	0.014668	0.031983	0.033926	0.037392	0.029775	0.028638	0.025255	0.029856	0.029013	0.02812	0.021498	0.034896	0.024767	0.040059	0.022216	0.027318	0.019727	0.031633	0.022495	0.023771	0.03893	0.033811	0.023079	0.018799	0.028061	0.01138	0.036287	0.042441	0.034821	0.030949	0.033504	0.045573	0.02832	0.032728	0.031229	0.024456	0.021444	0.026222	0.037753	0.024116	0.042297	0.022046	0.034581	0.050703	0.037519	0.035319	0.0349	0.039336	0.037569	0.023567	0.026772	0.05175	0.028413	0.00088	0.001314	0.001118	0	0.023504	0.046375	0.031724	0.017232	0.024472	0.051006	0.032095	0.027966	0.033056
LS.BA.WB.U.2	0.149729	0.138343	0.119812	0.028335	0.201684	0.121966	0.167042	0.16275	0.136192	0.102055	0.096503	0.148816	0.143588	0.173248	0.023163	0	0.119987	0.024758	0.172089	0.054714	0.005127	0.011752	0	0.003235	0	0	0	0	0.008758	0	0.041199	0	0.001788	0	0	0.001786	0	0	0.111255	0	0.156668	0	0.001328	0	0	0.002606	0	0	0.002781	0	0.041576	0.153268	0.187646	0.083157	0.175134	0.208282	0.169568	0.016453	0.169589	0.042167	0.073987	0.043355	0.167332	0.164065	0.149477	0.153542	0.006484	0.005909	0.081034	0.067088	0.061197	0.173028	0.196957	0.116326	0.155562	0.126976	0.110311	0.089511	0.210193	0.170942	0.175312	0.081372	0.170771	0.174694	0.212503	0.085605	0.122506	0.161151	0.079574	0.124844	0.166736	0.0229	0.075438	0.200041	0.11042	0.127552	0.146455	0.106038	0.130349	0.187205	0.10751	0.053827	0.129199	0.157948	0.128201	0.184808	0.143055	0.140983	0.123421	0.166118	0.161021	0.136749	0.077178	0.125202	0.000671	0.036924	0.035019	0.025561	0.158128	0.223844	0.059411	0.171487	0.064581	0.187136	0.143531	0.144397	0.11272	0.046605	0.123721	0.154641	0.108741	0.136917	0.110033	0.198613	0.157574	0.036509	0.151417	0.154922	0.074123	0.22011	0.125209	0.164723	0.134556	0.149513	0.186609	0.206983	0.082179	0.1719	0.191649	0.169593	0.156611	0.077366	0.054855	0.048176	0.029899	0.028521	0.159515	0.028891	0.14978	0.036223	0.166461	0.21994	0.075936	0.172681	0.175508	0.222475	0.061437	0.032105	0.092567	0.157636	0.082426	0.001342	0.002795	0.00679	0.001342	0.040652	0.110538	0.075205	0.023066	0.019451	0.117727	0.054973	0.067348	0.038105
LS.BA.WB.U.3	0.11712	0.141754	0.10954	0.012568	0.132703	0.087056	0.102131	0.129179	0.09037	0.076006	0.077051	0.113712	0.090148	0.109162	0.02112	0.119987	0	0.021926	0.10133	0.036098	0.001509	0.009414	0	0.002571	0	0	0	0	0.005531	0	0.034136	0	0	0	0	0.00173	0	0.001341	0.115427	0	0.123472	0	0	0	0	0.00123	0	0	0	0	0.022929	0.093043	0.113709	0.048388	0.133125	0.153432	0.131621	0.011683	0.135942	0.038387	0.041488	0.021793	0.141131	0.12927	0.103616	0.123939	0.007701	0.006411	0.0498	0.043721	0.034872	0.132312	0.149694	0.069088	0.112844	0.103482	0.073605	0.046939	0.142007	0.131654	0.128575	0.049894	0.151883	0.128474	0.145512	0.042562	0.074648	0.127054	0.054106	0.080548	0.136598	0.011722	0.051639	0.148816	0.080881	0.08966	0.123617	0.069275	0.085781	0.142605	0.080925	0.030871	0.098995	0.119434	0.095668	0.161531	0.106398	0.089112	0.121296	0.119257	0.116731	0.096947	0.049711	0.094478	0.000894	0.023585	0.020495	0.013008	0.11919	0.181838	0.037742	0.121064	0.044707	0.138369	0.100497	0.082359	0.083421	0.021253	0.106686	0.114553	0.07756	0.095761	0.092465	0.142862	0.118666	0.031075	0.150797	0.098817	0.056998	0.164927	0.075869	0.125979	0.103733	0.152658	0.154229	0.194411	0.062598	0.135331	0.156837	0.129934	0.113794	0.051964	0.024266	0.032121	0.010857	0.026338	0.100639	0.012752	0.109664	0.029423	0.138473	0.193191	0.064593	0.148894	0.156124	0.179796	0.04334	0.024054	0.05908	0.121003	0.074357	0.001551	0.001733	0.004497	0.001551	0.035624	0.075816	0.051385	0.022821	0.011346	0.066797	0.041388	0.032218	0.028211
LS.BA.WB.U.5	0.022889	0.017341	0.004619	0.018649	0.018424	0.023383	0.010999	0.013876	0.023005	0.026506	0.014959	0.020207	0.034475	0.019082	0.023142	0.024758	0.021926	0	0.032079	0.019293	0.001733	0.007901	0	0	0.001286	0	0	0.001771	0.003683	0.000894	0.017602	0	0	0	0.001677	0	0.000894	0.000671	0.006428	0	0.030035	0	0.000887	0	0	0	0	0	0.000894	0	0.019439	0.025367	0.029319	0.026764	0.019131	0.022559	0.018354	0.017144	0.019317	0.014815	0.021617	0.020276	0.008836	0.020126	0.025227	0.01726	0	0	0.018376	0.016642	0.019562	0.015241	0.021143	0.03733	0.016139	0.007169	0.03333	0.024669	0.028025	0.01885	0.022455	0.02182	0.016818	0.01558	0.038001	0.020942	0.022004	0.009981	0.02451	0.022495	0.01744	0.018058	0.02463	0.024597	0.036246	0.021481	0.021973	0.02362	0.023592	0.023621	0.029761	0.02064	0.029313	0.019955	0.020525	0.020353	0.019953	0.032126	0.010705	0.014009	0.025965	0.027659	0.014523	0.032115	0.004553	0.02414	0.01989	0.010912	0.014118	0.016629	0.02005	0.021686	0.023178	0.022297	0.01915	0.035173	0.019915	0.020223	0.015366	0.023767	0.020468	0.024644	0.014121	0.016286	0.021773	0.025329	0.014416	0.014322	0.02773	0.027295	0.00703	0.007376	0.022414	0.0138	0.020369	0.019962	0.031154	0.016255	0.020978	0.030304	0.017207	0.027091	0.021484	0.018601	0.018518	0.026719	0.032801	0.013351	0.028137	0.015586	0.019175	0.029216	0.030541	0.020948	0.019889	0.01839	0.021815	0.021169	0.030513	0.030024	0.02297	0	0	0	0.00088	0.014155	0.029503	0.018407	0.013981	0.012975	0.030492	0.033704	0.024167	0.02407
LS.BA.WBO.U.3	0.161725	0.157599	0.085419	0.024702	0.18774	0.149911	0.15328	0.117158	0.137493	0.120202	0.113261	0.157543	0.146254	0.14813	0.038928	0.172089	0.10133	0.032079	0	0.072084	0.005401	0.017235	0	0.001787	0	0.001453	0.000671	0	0.006273	0	0.046011	0	0	0	0.000447	0	0	0.001787	0.093679	0	0.162537	0.000447	0.001957	0.000447	0	0	0	0	0.001509	0.000447	0.037093	0.151179	0.16372	0.09109	0.162781	0.16928	0.159876	0.015953	0.155465	0.044842	0.080789	0.039663	0.122379	0.163432	0.152784	0.147467	0.003015	0.004123	0.093849	0.080564	0.056578	0.141875	0.173586	0.119895	0.151223	0.104684	0.11454	0.100874	0.17834	0.157341	0.157259	0.088456	0.155917	0.161077	0.204736	0.085499	0.131469	0.133915	0.094021	0.135904	0.143019	0.024308	0.081862	0.181291	0.116458	0.124774	0.146197	0.106748	0.150873	0.167889	0.119552	0.059239	0.136824	0.151181	0.122323	0.167502	0.148817	0.142154	0.109351	0.144986	0.143283	0.147442	0.07052	0.141533	0.003448	0.043967	0.034192	0.022248	0.133728	0.196229	0.086662	0.163268	0.080743	0.170622	0.143515	0.143758	0.127178	0.063255	0.128791	0.17906	0.136023	0.150734	0.119034	0.175738	0.147934	0.047224	0.144433	0.137306	0.096966	0.206068	0.147605	0.129151	0.146563	0.13095	0.169204	0.211971	0.090803	0.175424	0.187884	0.172936	0.145714	0.088112	0.05395	0.051535	0.042356	0.03877	0.152209	0.027573	0.152524	0.041702	0.170804	0.217691	0.080464	0.175014	0.187176	0.234738	0.078802	0.033017	0.089238	0.160516	0.102119	0.001453	0.001453	0.002907	0	0.049365	0.103799	0.06911	0.027708	0.019641	0.115167	0.077953	0.098274	0.051401
LS.BA.WBO.U.5	0.047134	0.048436	0.036665	0.025316	0.0658	0.04337	0.050655	0.043734	0.051041	0.061751	0.032911	0.055454	0.061958	0.052784	0.030058	0.054714	0.036098	0.019293	0.072084	0	0.004133	0.016846	0.001621	0	0.002907	0	0.000894	0.00334	0.005973	0	0.019697	0	0.003564	0	0	0	0.001565	0	0.025825	0	0.062904	0	0	0	0	0	0	0	0.001782	0	0.025629	0.04773	0.054971	0.037013	0.043961	0.049181	0.049219	0.018946	0.044265	0.015506	0.049525	0.017157	0.041085	0.048418	0.051528	0.055968	0.002977	0.004731	0.037106	0.047913	0.038183	0.039337	0.052672	0.062293	0.042924	0.03596	0.043637	0.051539	0.062798	0.045798	0.056131	0.039969	0.051221	0.043882	0.074395	0.041388	0.059295	0.040909	0.038244	0.046484	0.053277	0.011106	0.038405	0.064771	0.061944	0.045129	0.04534	0.054531	0.044683	0.045321	0.048498	0.04165	0.049755	0.047437	0.046997	0.050585	0.047399	0.057943	0.032618	0.048219	0.045891	0.05632	0.025332	0.062595	0.003529	0.026697	0.029355	0.015574	0.030884	0.049858	0.048331	0.061586	0.040971	0.068511	0.043222	0.05999	0.043068	0.031354	0.035907	0.062716	0.04348	0.057557	0.042784	0.065372	0.053809	0.02897	0.051023	0.048642	0.042866	0.069063	0.052352	0.037537	0.052255	0.034958	0.050919	0.081185	0.047888	0.050217	0.068635	0.074812	0.059655	0.049873	0.041249	0.034135	0.032268	0.033794	0.067648	0.027828	0.062426	0.039987	0.067935	0.077906	0.051165	0.061448	0.053276	0.061822	0.051962	0.03154	0.050384	0.066996	0.065726	0	0	0.003417	0	0.03271	0.066	0.044002	0.021951	0.02022	0.06724	0.042486	0.05173	0.048907
LS.BO.HC4.M.2	0.004777	0.003556	0.002669	0.0038	0.005681	0.007414	0.005499	0	0.004939	0.009069	0.009019	0.005071	0.006743	0.001957	0.004298	0.005127	0.001509	0.001733	0.005401	0.004133	0	0.003465	0.001509	0.001726	0.001509	0	0.001537	0.002767	0.005171	0.001788	0.007545	0	0.001565	0	0.000894	0	0.0031	0.001731	0.001509	0.001754	0.010584	0	0.001677	0	0	0	0	0.001453	0.003129	0.001726	0.004472	0.001565	0.002851	0.003241	0.002572	0.007295	0.004933	0.007377	0	0.00257	0.004556	0.000894	0.001565	0.006414	0.006394	0.003856	0	0.001314	0.002222	0.004876	0.007795	0	0.005527	0.008202	0.004688	0.001314	0.009173	0.002739	0.005115	0.002348	0.006547	0.007657	0.001761	0.003577	0.008832	0.007426	0.007518	0.002682	0.003829	0.005339	0.004373	0.002849	0.008637	0.005182	0.003309	0.006176	0.003003	0	0.002905	0.001564	0.004107	0.008831	0.005309	0.007252	0.005856	0.003235	0.001562	0.004053	0.003689	0.003019	0.005295	0.006099	0.002795	0.005295	0.001785	0.010635	0.007126	0.006764	0.003116	0.00443	0.009388	0.002009	0.00413	0.001677	0.003347	0.008734	0.005318	0.009252	0.00552	0.00682	0.004074	0.003018	0.004542	0.002683	0.004186	0.00559	0.001564	0.003745	0.007748	0.001564	0.003529	0.000447	0.001754	0	0.004316	0.005532	0.009587	0.002564	0.008592	0.006399	0.006956	0.011393	0.008399	0.007014	0.005882	0.002013	0.006396	0.006141	0.00777	0.004332	0.008188	0.008244	0.005925	0.005839	0.002124	0.007575	0.006956	0.006394	0.007121	0.013003	0.011414	0.001719	0.001788	0.002878	0.001733	0.002683	0.005094	0.008157	0.007571	0.004567	0.011617	0.007351	0.009912	0.006897
LS.BO.HC4.M.3	0.013235	0.012641	0.005141	0.014559	0.021244	0.019679	0.019251	0.008171	0.014336	0.019659	0.012405	0.014239	0.011437	0.015767	0.013373	0.011752	0.009414	0.007901	0.017235	0.016846	0.003465	0	0.000839	0.001649	0.001509	0.00429	0.006764	0.005898	0.001787	0.004025	0.010128	0.005499	0.007169	0.00369	0.002404	0.003909	0.006429	0.00408	0.010184	0.006987	0.020803	0.000839	0.006037	0.003634	0.001509	0.003864	0.003354	0	0.002851	0	0.012384	0.016529	0.016168	0.011439	0.019776	0.022563	0.023068	0.011137	0.012115	0.005454	0.01181	0.004121	0.01076	0.018475	0.018077	0.007797	0.005311	0.004451	0.015586	0.014952	0.013422	0.007847	0.015724	0.018417	0.018264	0.012655	0.014659	0.013517	0.018962	0.018066	0.012753	0.01901	0.018273	0.011074	0.020924	0.015085	0.017872	0.011791	0.010634	0.020079	0.016011	0.00246	0.0145	0.012569	0.0189	0.018634	0.01251	0.007589	0.014462	0.017537	0.01562	0.014571	0.018394	0.016574	0.014874	0.014645	0.016934	0.016001	0.012808	0.014841	0.008132	0.019357	0.013804	0.015002	0.0026	0.017152	0.007112	0.010836	0.00997	0.016494	0.020435	0.012333	0.014063	0.015892	0.01692	0.023561	0.023795	0.021626	0.011521	0.026214	0.021276	0.018388	0.022633	0.017158	0.017483	0.012455	0.01393	0.014695	0.018102	0.017527	0.014651	0.005828	0.01291	0.010426	0.011915	0.013942	0.013686	0.009987	0.014596	0.015274	0.010202	0.015567	0.013425	0.010308	0.008864	0.005702	0.017266	0.010948	0.014781	0.011434	0.022921	0.022276	0.013151	0.012529	0.016746	0.018131	0.011717	0.009928	0.013839	0.020494	0.015102	0	0	0	0	0.010464	0.012963	0.011798	0.008465	0.010309	0.016159	0.013592	0.01721	0.01488
LS.BO.HC4.M.4	0.001649	0	0.001118	0	0	0	0	0	0	0.000839	0.001286	0	0.00123	0.001328	0.001705	0	0	0	0	0.001621	0.001509	0.000839	0	0	0	0.000839	0.001118	0.002178	0.000894	0.000839	0	0.000839	0.001118	0	0.001118	0	0.00134	0.001118	0	0.00123	0.001731	0	0.001118	0.000447	0.00123	0.001286	0.001286	0	0.003004	0	0.001118	0.00123	0.001118	0	0.00123	0	0	0.00134	0.00123	0	0.00123	0	0.000839	0.001118	0.001118	0.000893	0	0.002739	0.00123	0.001118	0	0	0	0.000447	0.001118	0	0.000839	0.00123	0	0.00123	0	0.00123	0.00123	0	0.001649	0.002376	0.00088	0	0	0	0.001453	0	0.001328	0.001453	0	0	0.002215	0	0.00123	0.00123	0	0	0	0	0.001342	0.000839	0	0.00123	0	0	0	0	0	0	0	0.000447	0.000894	0	0	0.001118	0.00123	0	0.00123	0	0	0.001342	0	0.001118	0.00123	0.000839	0	0	0.00123	0	0.000839	0.000447	0	0.001118	0.00123	0	0.001118	0.001286	0	0	0	0	0.001328	0	0	0	0	0	0.000894	0	0	0	0	0.001314	0.001118	0	0	0.001342	0	0	0.001342	0	0	0.000447	0.000447	0.000447	0	0	0	0.001509	0	0.000447	0	0	0.001558	0.00123	0.001286	0	0.001118	0.000447
LS.BO.I1.U.1	0.002571	0	0	0	0.001118	0.000447	0.000894	0.000447	0	0	0	0.002963	0	0	0	0.003235	0.002571	0	0.001787	0	0.001726	0.001649	0	0	0.002222	0.002557	0.002655	0.005143	0.004444	0.005555	0.000893	0.003075	0.002571	0.000839	0	0.006184	0.002152	0.002551	0.001565	0.005056	0.005772	0.00123	0.005451	0.001335	0	0.004107	0.003019	0.003794	0.002006	0	0.001558	0.002879	0.003186	0.001788	0.003297	0.002977	0.001787	0.000893	0.000894	0	0	0	0.003409	0.000783	0.002006	0.000671	0.005339	0.003403	0.001705	0.000839	0.00211	0.002682	0.004437	0.000783	0.004017	0.001342	0.000447	0.003324	0.002013	0.003354	0.002558	0.002905	0.007379	0.003129	0.002949	0	0.000894	0.00436	0.003798	0.003773	0.005702	0	0.002654	0.004009	0.005437	0.002152	0.004135	0.001677	0	0.003772	0	0.001328	0.005784	0.000783	0.001787	0.006114	0.001565	0	0.002991	0.004346	0.001342	0.004738	0.001118	0.000783	0.002009	0.004081	0.002236	0.002851	0.002767	0.00531	0.002991	0.003326	0	0.000894	0.003354	0.001789	0.003019	0	0.00299	0.003228	0.003409	0.004959	0.00211	0.0032	0.002516	0.000783	0.002907	0.004332	0.000893	0.001118	0.001314	0.001775	0.000671	0.002991	0.004081	0.003239	0.003676	0.002124	0.002795	0.002572	0.002432	0.002893	0.001551	0.001558	0.001558	0	0.003354	0.001342	0.000447	0.003648	0.006006	0.003798	0.002229	0.003173	0.002432	0.002236	0	0	0.00341	0	0	0.002006	0.004301	0.005451	0	0.001558	0.001342	0.001558	0.00232	0.002879	0.003117	0.001558	0	0.001314
